
0.10498
0.38354
0.17578
0.68481
0.98877
0.04077
0.66895
0.57642
0.34131
0.41675
0.13086
0.68677
0.1626
0.51147
0.56152
0.01587
0.45264
0.32495
0.96094
0.56372
0.21143
0.85718
0.3291
0.33032
0.43896
0.10815
0.66602
0.31567
0.13525
0.07788
0.97168
0.51978
0.30029
0.76636
0.24609
0.94263
0.93408
0.17358
0.48926
0.58423
0.03662
0.29956
0.70117
0.44458
0.60791
0.14429
0.88184
0.52368
0.64795
0.70776
0.03125
0.82153
0.15674
0.98999
0.14941
0.33813
0.13428
0.99097
0.23633
0.07349
0.58057
0.71069
0.29199
0.02759
0.49561
0.14917
0.31641
0.20044
0.87939
0.3064
0.30957
0.59204
0.73193
0.18237
0.27148
0.20239
0.05322
0.7771
0.20215
0.03149
0.84326
0.09058
0.10156
0.07935
0.10205
0.1228
0.96973
0.34595
0.82959
0.87378
0.80664
0.8313
0.02588
0.34351
0.6123
0.5354
0.69092
0.53198
0.38672
0.45825
0.82471
0.43921
0.12988
0.59985
0.42725
0.06519
0.8418
0.96021
0.49854
0.40991
0.52246
0.53931
0.03857
0.47339
0.17188
0.33716
0.04736
0.25562
0.79004
0.35376
0.5249
0.75659
0.37695
0.58911
0.47119
0.97632
0.93262
0.04321
0.88623
0.91479
0.45703
0.71606
0.77002
0.57202
0.9502
0.60767
0.12256
0.948
0.41211
0.71802
0.94385
0.04272
0.84277
0.04712
0.23389
0.8562
0.24219
0.59497
0.99268
0.38843
0.61035
0.36157
0.22021
0.6394
0.94727
0.34692
0.9165
0.60913
0.25293
0.55103
0.08154
0.29761
0.52734
0.97388
0.71533
0.70483
0.77051
0.61548
0.81787
0.83081
0.98242
0.47583
0.38916
0.67554
0.16309
0.55493
0.4292
0.23901
0.3125
0.85278
0.93799
0.52124
0.43066
0.36938
0.91553
0.52222
0.51758
0.10474
0.36182
0.24194
0.57324
0.05884
0.27686
0.68042
0.59766
0.23169
0.66064
0.83765
0.59082
0.62329
0.51318
0.71362
0.55273
0.23364
0.83447
0.30835
0.4834
0.06274
0.62451
0.62183
0.38281
0.1106
0.8833
0.65405
0.25098
0.3772
0.61084
0.40503
0.08789
0.86255
0.80713
0.87476
0.89355
0.56665
0.47217
0.06323
0.66797
0.4895
0.60596
0.97046
0.41113
0.6311
0.2085
0.59644
0.12305
0.99146
0.27979
0.94116
0.80371
0.57056
0.81982
0.00464
0.45312
0.36841
0.82861
0.78687
0.07129
0.38501
0.30615
0.28784
0.6582
0.62036
0.25244
0.50757
0.21387
0.07446
0.66748
0.44604
0.73828
0.74731
0.55127
0.10327
0.23145
0.63892
0.90381
0.47925
0.69336
0.74927
0.7251
0.57397
0.12402
0.07837
0.01514
0.38745
0.52344
0.62622
0.77393
0.91968
0.8916
0.39282
0.00146
0.17065
0.22852
0.37817
0.69775
0.14038
0.53418
0.58228
0.86279
0.82886
0.80859
0.00513
0.49658
0.23608
0.05176
0.64673
0.59912
0.36206
0.26367
0.50708
0.17041
0.20679
0.44434
0.58618
0.21045
0.77026
0.59375
0.88403
0.71924
0.05249
0.71191
0.40063
0.69678
0.05347
0.79883
0.13599
0.14307
0.77319
0.85449
0.09009
0.05811
0.21167
0.87891
0.26294
0.44189
0.3689
0.87207
0.65454
0.29443
0.24487
0.83398
0.26489
0.61572
0.8396
0.76465
0.09399
0.40576
0.15308
0.66406
0.14185
0.66455
0.1853
0.53223
0.40845
0.39209
0.93628
0.36914
0.8938
0.58838
0.40601
0.1748
0.5979
0.25342
0.59448
0.94922
0.52075
0.38721
0.50171
0.69238
0.66235
0.98975
0.12769
0.4043
0.02271
0.06104
0.47241
0.08496
0.60181
0.60107
0.53589
0.73438
0.39966
0.60986
0.31812
0.35254
0.41626
0.0874
0.81909
0.93945
0.65161
0.03369
0.03882
0.49512
0.10571
0.44873
0.97729
0.01953
0.77856
0.33252
0.63452
0.5127
0.67017
0.68506
0.0105
0.97461
0.78052
0.50635
0.10522
0.40527
0.10962
0.79639
0.9187
0.80469
0.65747
0.55518
0.45093
0.17285
0.42407
0.78271
0.7019
0.50977
0.40942
0.479
0.67163
0.81543
0.61353
0.64404
0.36011
0.08984
0.03638
0.27783
0.76733
0.33301
0.67798
0.38037
0.89331
0.54492
0.53833
0.95166
0.73804
0.72559
0.61743
0.9917
0.30151
0.875
0.91528
0.50049
0.58374
0.99316
0.43188
0.47803
0.58472
0.08008
0.16724
0.92432
0.30444
0.13574
0.12134
0.83936
0.74292
0.16016
0.29419
0.22314
0.90015
0.15332
0.68579
0.07568
0.77612
0.11523
0.29614
0.39697
0.37085
0.0459
0.12524
0.18701
0.68433
0.94531
0.1731
0.4458
0.71655
0.81348
0.4397
0.17334
0.46753
0.65039
0.92505
0.36963
0.93726
0.45605
0.62915
0.03467
0.12573
0.23047
0.552
0.16846
0.03296
0.97363
0.6936
0.771
0.65894
0.68555
0.05396
0.84229
0.00366
0.36621
0.63306
0.38232
0.06714
0.01562
0.43091
0.39111
0.84937
0.63379
0.44751
0.86865
0.35034
0.2207
0.68286
0.81494
0.57007
0.77637
0.13696
0.22998
0.50854
0.30078
0.80981
0.11377
0.16577
0.79395
0.70142
0.46631
0.54175
0.25586
0.81177
0.2876
0.63647
0.68652
0.14087
0.57764
0.44995
0.08594
0.68872
0.33643
0.98218
0.4541
0.45532
0.56396
0.23315
0.79102
0.44067
0.26025
0.20288
0.09668
0.64478
0.42529
0.89136
0.37109
0.06763
0.05908
0.29858
0.61426
0.70923
0.16162
0.42456
0.82617
0.56958
0.73291
0.26929
0.00684
0.64868
0.77295
0.83276
0.15625
0.94653
0.28174
0.11499
0.27441
0.46313
0.25928
0.11597
0.36133
0.19849
0.70557
0.83569
0.41699
0.15259
0.62061
0.27417
0.44141
0.32544
0.00439
0.4314
0.43457
0.71704
0.85693
0.30737
0.39648
0.32739
0.17822
0.9021
0.32715
0.15649
0.96826
0.21558
0.22656
0.20435
0.22705
0.2478
0.09473
0.47095
0.95459
0.99878
0.93164
0.9563
0.15088
0.46851
0.7373
0.6604
0.81592
0.65698
0.51172
0.58325
0.94971
0.56421
0.25488
0.72485
0.55225
0.19019
0.9668
0.08521
0.62354
0.53491
0.64746
0.66431
0.16357
0.59839
0.29688
0.46216
0.17236
0.38062
0.91504
0.47876
0.6499
0.88159
0.50195
0.71411
0.59619
0.10132
0.05762
0.16821
0.01123
0.03979
0.58203
0.84106
0.89502
0.69702
0.0752
0.73267
0.24756
0.073
0.53711
0.84302
0.06885
0.16772
0.96777
0.17212
0.35889
0.9812
0.36719
0.71997
0.11768
0.51343
0.73535
0.48657
0.34521
0.7644
0.07227
0.47192
0.0415
0.73413
0.37793
0.67603
0.20654
0.42261
0.65234
0.09888
0.84033
0.82983
0.89551
0.74048
0.94287
0.95581
0.10742
0.60083
0.51416
0.80054
0.28809
0.67993
0.5542
0.36401
0.4375
0.97778
0.06299
0.64624
0.55566
0.49438
0.04053
0.64722
0.64258
0.22974
0.48682
0.36694
0.69824
0.18384
0.40186
0.80542
0.72266
0.35669
0.78564
0.96265
0.71582
0.74829
0.63818
0.83862
0.67773
0.35864
0.95947
0.43335
0.6084
0.18774
0.74951
0.74683
0.50781
0.2356
0.0083
0.77905
0.37598
0.5022
0.73584
0.53003
0.21289
0.98755
0.93213
0.99976
0.01855
0.69165
0.59717
0.18823
0.79297
0.6145
0.73096
0.09546
0.53613
0.7561
0.3335
0.72144
0.24805
0.11646
0.40479
0.06616
0.92871
0.69556
0.94482
0.12964
0.57812
0.49341
0.95361
0.91187
0.19629
0.51001
0.43115
0.41284
0.7832
0.74536
0.37744
0.63257
0.33887
0.19946
0.79248
0.57104
0.86328
0.87231
0.67627
0.22827
0.35645
0.76392
0.02881
0.60425
0.81836
0.87427
0.8501
0.69897
0.24902
0.20337
0.14014
0.51245
0.64844
0.75122
0.89893
0.04468
0.0166
0.51782
0.12646
0.29565
0.35352
0.50317
0.82275
0.26538
0.65918
0.70728
0.98779
0.95386
0.93359
0.13013
0.62158
0.36108
0.17676
0.77173
0.72412
0.48706
0.38867
0.63208
0.29541
0.33179
0.56934
0.71118
0.33545
0.89526
0.71875
0.00903
0.84424
0.17749
0.83691
0.52563
0.82178
0.17847
0.92383
0.26099
0.26807
0.89819
0.97949
0.21509
0.18311
0.33667
0.00391
0.38794
0.56689
0.4939
0.99707
0.77954
0.41943
0.36987
0.95898
0.38989
0.74072
0.9646
0.88965
0.21899
0.53076
0.27808
0.78906
0.26685
0.78955
0.3103
0.65723
0.53345
0.51709
0.06128
0.49414
0.0188
0.71338
0.53101
0.2998
0.7229
0.37842
0.71948
0.07422
0.64575
0.51221
0.62671
0.81738
0.78735
0.11475
0.25269
0.5293
0.14771
0.18604
0.59741
0.20996
0.72681
0.72607
0.66089
0.85938
0.52466
0.73486
0.44312
0.47754
0.54126
0.2124
0.94409
0.06445
0.77661
0.15869
0.16382
0.62012
0.23071
0.57373
0.10229
0.14453
0.90356
0.45752
0.75952
0.6377
0.79517
0.81006
0.1355
0.09961
0.90552
0.63135
0.23022
0.53027
0.23462
0.92139
0.0437
0.92969
0.78247
0.68018
0.57593
0.29785
0.54907
0.90771
0.8269
0.63477
0.53442
0.604
0.79663
0.94043
0.73853
0.76904
0.48511
0.21484
0.16138
0.40283
0.89233
0.45801
0.80298
0.50537
0.01831
0.66992
0.66333
0.07666
0.86304
0.85059
0.74243
0.1167
0.42651
0.0
0.04028
0.62549
0.70874
0.11816
0.55688
0.60303
0.70972
0.20508
0.29224
0.04932
0.42944
0.26074
0.24634
0.96436
0.86792
0.28516
0.41919
0.34814
0.02515
0.27832
0.81079
0.20068
0.90112
0.24023
0.42114
0.52197
0.49585
0.1709
0.25024
0.31201
0.80933
0.07031
0.2981
0.5708
0.84155
0.93848
0.5647
0.29834
0.59253
0.77539
0.05005
0.49463
0.06226
0.58105
0.75415
0.15967
0.25073
0.35547
0.677
0.29346
0.15796
0.09863
0.8186
0.896
0.78394
0.81055
0.17896
0.96729
0.12866
0.49121
0.75806
0.50732
0.19214
0.14062
0.55591
0.51611
0.97437
0.75879
0.57251
0.99365
0.47534
0.3457
0.80786
0.93994
0.69507
0.90137
0.26196
0.35498
0.63354
0.42578
0.93481
0.23877
0.29077
0.91895
0.82642
0.59131
0.66675
0.38086
0.93677
0.4126
0.76147
0.81152
0.26587
0.70264
0.57495
0.21094
0.81372
0.46143
0.10718
0.5791
0.58032
0.68896
0.35815
0.91602
0.56567
0.38525
0.32788
0.22168
0.76978
0.55029
0.01636
0.49609
0.19263
0.18408
0.42358
0.73926
0.83423
0.28662
0.54956
0.95117
0.69458
0.85791
0.39429
0.13184
0.77368
0.89795
0.95776
0.28125
0.07153
0.40674
0.23999
0.39941
0.58813
0.38428
0.24097
0.48633
0.32349
0.83057
0.96069
0.54199
0.27759
0.74561
0.39917
0.56641
0.45044
0.12939
0.5564
0.55957
0.84204
0.98193
0.43237
0.52148
0.45239
0.30322
0.0271
0.45215
0.28149
0.09326
0.34058
0.35156
0.32935
0.35205
0.3728
0.21973
0.59595
0.07959
0.12378
0.05664
0.0813
0.27588
0.59351
0.8623
0.7854
0.94092
0.78198
0.63672
0.70825
0.07471
0.68921
0.37988
0.84985
0.67725
0.31519
0.0918
0.21021
0.74854
0.65991
0.77246
0.78931
0.28857
0.72339
0.42188
0.58716
0.29736
0.50562
0.04004
0.60376
0.7749
0.00659
0.62695
0.83911
0.72119
0.22632
0.18262
0.29321
0.13623
0.16479
0.70703
0.96606
0.02002
0.82202
0.2002
0.85767
0.37256
0.198
0.66211
0.96802
0.19385
0.29272
0.09277
0.29712
0.48389
0.1062
0.49219
0.84497
0.24268
0.63843
0.86035
0.61157
0.47021
0.8894
0.19727
0.59692
0.1665
0.85913
0.50293
0.80103
0.33154
0.54761
0.77734
0.22388
0.96533
0.95483
0.02051
0.86548
0.06787
0.08081
0.23242
0.72583
0.63916
0.92554
0.41309
0.80493
0.6792
0.48901
0.5625
0.10278
0.18799
0.77124
0.68066
0.61938
0.16553
0.77222
0.76758
0.35474
0.61182
0.49194
0.82324
0.30884
0.52686
0.93042
0.84766
0.48169
0.91064
0.08765
0.84082
0.87329
0.76318
0.96362
0.80273
0.48364
0.08447
0.55835
0.7334
0.31274
0.87451
0.87183
0.63281
0.3606
0.1333
0.90405
0.50098
0.6272
0.86084
0.65503
0.33789
0.11255
0.05713
0.12476
0.14355
0.81665
0.72217
0.31323
0.91797
0.7395
0.85596
0.22046
0.66113
0.8811
0.4585
0.84644
0.37305
0.24146
0.52979
0.19116
0.05371
0.82056
0.06982
0.25464
0.70312
0.61841
0.07861
0.03687
0.32129
0.63501
0.55615
0.53784
0.9082
0.87036
0.50244
0.75757
0.46387
0.32446
0.91748
0.69604
0.98828
0.99731
0.80127
0.35327
0.48145
0.88892
0.15381
0.72925
0.94336
0.99927
0.9751
0.82397
0.37402
0.32837
0.26514
0.63745
0.77344
0.87622
0.02393
0.16968
0.1416
0.64282
0.25146
0.42065
0.47852
0.62817
0.94775
0.39038
0.78418
0.83228
0.11279
0.07886
0.05859
0.25513
0.74658
0.48608
0.30176
0.89673
0.84912
0.61206
0.51367
0.75708
0.42041
0.45679
0.69434
0.83618
0.46045
0.02026
0.84375
0.13403
0.96924
0.30249
0.96191
0.65063
0.94678
0.30347
0.04883
0.38599
0.39307
0.02319
0.10449
0.34009
0.30811
0.46167
0.12891
0.51294
0.69189
0.6189
0.12207
0.90454
0.54443
0.49487
0.08398
0.51489
0.86572
0.0896
0.01465
0.34399
0.65576
0.40308
0.91406
0.39185
0.91455
0.4353
0.78223
0.65845
0.64209
0.18628
0.61914
0.1438
0.83838
0.65601
0.4248
0.8479
0.50342
0.84448
0.19922
0.77075
0.63721
0.75171
0.94238
0.91235
0.23975
0.37769
0.6543
0.27271
0.31104
0.72241
0.33496
0.85181
0.85107
0.78589
0.98438
0.64966
0.85986
0.56812
0.60254
0.66626
0.3374
0.06909
0.18945
0.90161
0.28369
0.28882
0.74512
0.35571
0.69873
0.22729
0.26953
0.02856
0.58252
0.88452
0.7627
0.92017
0.93506
0.2605
0.22461
0.03052
0.75635
0.35522
0.65527
0.35962
0.04639
0.1687
0.05469
0.90747
0.80518
0.70093
0.42285
0.67407
0.03271
0.9519
0.75977
0.65942
0.729
0.92163
0.06543
0.86353
0.89404
0.61011
0.33984
0.28638
0.52783
0.01733
0.58301
0.92798
0.63037
0.14331
0.79492
0.78833
0.20166
0.98804
0.97559
0.86743
0.2417
0.55151
0.125
0.16528
0.75049
0.83374
0.24316
0.68188
0.72803
0.83472
0.33008
0.41724
0.17432
0.55444
0.38574
0.37134
0.08936
0.99292
0.41016
0.54419
0.47314
0.15015
0.40332
0.93579
0.32568
0.02612
0.36523
0.54614
0.64697
0.62085
0.2959
0.37524
0.43701
0.93433
0.19531
0.4231
0.6958
0.96655
0.06348
0.6897
0.42334
0.71753
0.90039
0.17505
0.61963
0.18726
0.70605
0.87915
0.28467
0.37573
0.48047
0.802
0.41846
0.28296
0.22363
0.9436
0.021
0.90894
0.93555
0.30396
0.09229
0.25366
0.61621
0.88306
0.63232
0.31714
0.26562
0.68091
0.64111
0.09937
0.88379
0.69751
0.11865
0.60034
0.4707
0.93286
0.06494
0.82007
0.02637
0.38696
0.47998
0.75854
0.55078
0.05981
0.36377
0.41577
0.04395
0.95142
0.71631
0.79175
0.50586
0.06177
0.5376
0.88647
0.93652
0.39087
0.82764
0.69995
0.33594
0.93872
0.58643
0.23218
0.7041
0.70532
0.81396
0.48315
0.04102
0.69067
0.51025
0.45288
0.34668
0.89478
0.67529
0.14136
0.62109
0.31763
0.30908
0.54858
0.86426
0.95923
0.41162
0.67456
0.07617
0.81958
0.98291
0.51929
0.25684
0.89868
0.02295
0.08276
0.40625
0.19653
0.53174
0.36499
0.52441
0.71313
0.50928
0.36597
0.61133
0.44849
0.95557
0.08569
0.66699
0.40259
0.87061
0.52417
0.69141
0.57544
0.25439
0.6814
0.68457
0.96704
0.10693
0.55737
0.64648
0.57739
0.42822
0.1521
0.57715
0.40649
0.21826
0.46558
0.47656
0.45435
0.47705
0.4978
0.34473
0.72095
0.20459
0.24878
0.18164
0.2063
0.40088
0.71851
0.9873
0.9104
0.06592
0.90698
0.76172
0.83325
0.19971
0.81421
0.50488
0.97485
0.80225
0.44019
0.2168
0.33521
0.87354
0.78491
0.89746
0.91431
0.41357
0.84839
0.54688
0.71216
0.42236
0.63062
0.16504
0.72876
0.8999
0.13159
0.75195
0.96411
0.84619
0.35132
0.30762
0.41821
0.26123
0.28979
0.83203
0.09106
0.14502
0.94702
0.3252
0.98267
0.49756
0.323
0.78711
0.09302
0.31885
0.41772
0.21777
0.42212
0.60889
0.2312
0.61719
0.96997
0.36768
0.76343
0.98535
0.73657
0.59521
0.0144
0.32227
0.72192
0.2915
0.98413
0.62793
0.92603
0.45654
0.67261
0.90234
0.34888
0.09033
0.07983
0.14551
0.99048
0.19287
0.20581
0.35742
0.85083
0.76416
0.05054
0.53809
0.92993
0.8042
0.61401
0.6875
0.22778
0.31299
0.89624
0.80566
0.74438
0.29053
0.89722
0.89258
0.47974
0.73682
0.61694
0.94824
0.43384
0.65186
0.05542
0.97266
0.60669
0.03564
0.21265
0.96582
0.99829
0.88818
0.08862
0.92773
0.60864
0.20947
0.68335
0.8584
0.43774
0.99951
0.99683
0.75781
0.4856
0.2583
0.02905
0.62598
0.7522
0.98584
0.78003
0.46289
0.23755
0.18213
0.24976
0.26855
0.94165
0.84717
0.43823
0.04297
0.8645
0.98096
0.34546
0.78613
0.0061
0.5835
0.97144
0.49805
0.36646
0.65479
0.31616
0.17871
0.94556
0.19482
0.37964
0.82812
0.74341
0.20361
0.16187
0.44629
0.76001
0.68115
0.66284
0.0332
0.99536
0.62744
0.88257
0.58887
0.44946
0.04248
0.82104
0.11328
0.12231
0.92627
0.47827
0.60645
0.01392
0.27881
0.85425
0.06836
0.12427
0.1001
0.94897
0.49902
0.45337
0.39014
0.76245
0.89844
0.00122
0.14893
0.29468
0.2666
0.76782
0.37646
0.54565
0.60352
0.75317
0.07275
0.51538
0.90918
0.95728
0.23779
0.20386
0.18359
0.38013
0.87158
0.61108
0.42676
0.02173
0.97412
0.73706
0.63867
0.88208
0.54541
0.58179
0.81934
0.96118
0.58545
0.14526
0.96875
0.25903
0.09424
0.42749
0.08691
0.77563
0.07178
0.42847
0.17383
0.51099
0.51807
0.14819
0.22949
0.46509
0.43311
0.58667
0.25391
0.63794
0.81689
0.7439
0.24707
0.02954
0.66943
0.61987
0.20898
0.63989
0.99072
0.2146
0.13965
0.46899
0.78076
0.52808
0.03906
0.51685
0.03955
0.5603
0.90723
0.78345
0.76709
0.31128
0.74414
0.2688
0.96338
0.78101
0.5498
0.9729
0.62842
0.96948
0.32422
0.89575
0.76221
0.87671
0.06738
0.03735
0.36475
0.50269
0.7793
0.39771
0.43604
0.84741
0.45996
0.97681
0.97607
0.91089
0.10938
0.77466
0.98486
0.69312
0.72754
0.79126
0.4624
0.19409
0.31445
0.02661
0.40869
0.41382
0.87012
0.48071
0.82373
0.35229
0.39453
0.15356
0.70752
0.00952
0.8877
0.04517
0.06006
0.3855
0.34961
0.15552
0.88135
0.48022
0.78027
0.48462
0.17139
0.2937
0.17969
0.03247
0.93018
0.82593
0.54785
0.79907
0.15771
0.0769
0.88477
0.78442
0.854
0.04663
0.19043
0.98853
0.01904
0.73511
0.46484
0.41138
0.65283
0.14233
0.70801
0.05298
0.75537
0.26831
0.91992
0.91333
0.32666
0.11304
0.10059
0.99243
0.3667
0.67651
0.25
0.29028
0.87549
0.95874
0.36816
0.80688
0.85303
0.95972
0.45508
0.54224
0.29932
0.67944
0.51074
0.49634
0.21436
0.11792
0.53516
0.66919
0.59814
0.27515
0.52832
0.06079
0.45068
0.15112
0.49023
0.67114
0.77197
0.74585
0.4209
0.50024
0.56201
0.05933
0.32031
0.5481
0.8208
0.09155
0.18848
0.8147
0.54834
0.84253
0.02539
0.30005
0.74463
0.31226
0.83105
0.00415
0.40967
0.50073
0.60547
0.927
0.54346
0.40796
0.34863
0.0686
0.146
0.03394
0.06055
0.42896
0.21729
0.37866
0.74121
0.00806
0.75732
0.44214
0.39062
0.80591
0.76611
0.22437
0.00879
0.82251
0.24365
0.72534
0.5957
0.05786
0.18994
0.94507
0.15137
0.51196
0.60498
0.88354
0.67578
0.18481
0.48877
0.54077
0.16895
0.07642
0.84131
0.91675
0.63086
0.18677
0.6626
0.01147
0.06152
0.51587
0.95264
0.82495
0.46094
0.06372
0.71143
0.35718
0.8291
0.83032
0.93896
0.60815
0.16602
0.81567
0.63525
0.57788
0.47168
0.01978
0.80029
0.26636
0.74609
0.44263
0.43408
0.67358
0.98926
0.08423
0.53662
0.79956
0.20117
0.94458
0.10791
0.64429
0.38184
0.02368
0.14795
0.20776
0.53125
0.32153
0.65674
0.48999
0.64941
0.83813
0.63428
0.49097
0.73633
0.57349
0.08057
0.21069
0.79199
0.52759
0.99561
0.64917
0.81641
0.70044
0.37939
0.8064
0.80957
0.09204
0.23193
0.68237
0.77148
0.70239
0.55322
0.2771
0.70215
0.53149
0.34326
0.59058
0.60156
0.57935
0.60205
0.6228
0.46973
0.84595
0.32959
0.37378
0.30664
0.3313
0.52588
0.84351
0.1123
0.0354
0.19092
0.03198
0.88672
0.95825
0.32471
0.93921
0.62988
0.09985
0.92725
0.56519
0.3418
0.46021
0.99854
0.90991
0.02246
0.03931
0.53857
0.97339
0.67188
0.83716
0.54736
0.75562
0.29004
0.85376
0.0249
0.25659
0.87695
0.08911
0.97119
0.47632
0.43262
0.54321
0.38623
0.41479
0.95703
0.21606
0.27002
0.07202
0.4502
0.10767
0.62256
0.448
0.91211
0.21802
0.44385
0.54272
0.34277
0.54712
0.73389
0.3562
0.74219
0.09497
0.49268
0.88843
0.11035
0.86157
0.72021
0.1394
0.44727
0.84692
0.4165
0.10913
0.75293
0.05103
0.58154
0.79761
0.02734
0.47388
0.21533
0.20483
0.27051
0.11548
0.31787
0.33081
0.48242
0.97583
0.88916
0.17554
0.66309
0.05493
0.9292
0.73901
0.8125
0.35278
0.43799
0.02124
0.93066
0.86938
0.41553
0.02222
0.01758
0.60474
0.86182
0.74194
0.07324
0.55884
0.77686
0.18042
0.09766
0.73169
0.16064
0.33765
0.09082
0.12329
0.01318
0.21362
0.05273
0.73364
0.33447
0.80835
0.9834
0.56274
0.12451
0.12183
0.88281
0.6106
0.3833
0.15405
0.75098
0.8772
0.11084
0.90503
0.58789
0.36255
0.30713
0.37476
0.39355
0.06665
0.97217
0.56323
0.16797
0.9895
0.10596
0.47046
0.91113
0.1311
0.7085
0.09644
0.62305
0.49146
0.77979
0.44116
0.30371
0.07056
0.31982
0.50464
0.95312
0.86841
0.32861
0.28687
0.57129
0.88501
0.80615
0.78784
0.1582
0.12036
0.75244
0.00757
0.71387
0.57446
0.16748
0.94604
0.23828
0.24731
0.05127
0.60327
0.73145
0.13892
0.40381
0.97925
0.19336
0.24927
0.2251
0.07397
0.62402
0.57837
0.51514
0.88745
0.02344
0.12622
0.27393
0.41968
0.3916
0.89282
0.50146
0.67065
0.72852
0.87817
0.19775
0.64038
0.03418
0.08228
0.36279
0.32886
0.30859
0.50513
0.99658
0.73608
0.55176
0.14673
0.09912
0.86206
0.76367
0.00708
0.67041
0.70679
0.94434
0.08618
0.71045
0.27026
0.09375
0.38403
0.21924
0.55249
0.21191
0.90063
0.19678
0.55347
0.29883
0.63599
0.64307
0.27319
0.35449
0.59009
0.55811
0.71167
0.37891
0.76294
0.94189
0.8689
0.37207
0.15454
0.79443
0.74487
0.33398
0.76489
0.11572
0.3396
0.26465
0.59399
0.90576
0.65308
0.16406
0.64185
0.16455
0.6853
0.03223
0.90845
0.89209
0.43628
0.86914
0.3938
0.08838
0.90601
0.6748
0.0979
0.75342
0.09448
0.44922
0.02075
0.88721
0.00171
0.19238
0.16235
0.48975
0.62769
0.9043
0.52271
0.56104
0.97241
0.58496
0.10181
0.10107
0.03589
0.23438
0.89966
0.10986
0.81812
0.85254
0.91626
0.5874
0.31909
0.43945
0.15161
0.53369
0.53882
0.99512
0.60571
0.94873
0.47729
0.51953
0.27856
0.83252
0.13452
0.0127
0.17017
0.18506
0.5105
0.47461
0.28052
0.00635
0.60522
0.90527
0.60962
0.29639
0.4187
0.30469
0.15747
0.05518
0.95093
0.67285
0.92407
0.28271
0.2019
0.00977
0.90942
0.979
0.17163
0.31543
0.11353
0.14404
0.86011
0.58984
0.53638
0.77783
0.26733
0.83301
0.17798
0.88037
0.39331
0.04492
0.03833
0.45166
0.23804
0.22559
0.11743
0.4917
0.80151
0.375
0.41528
0.00049
0.08374
0.49316
0.93188
0.97803
0.08472
0.58008
0.66724
0.42432
0.80444
0.63574
0.62134
0.33936
0.24292
0.66016
0.79419
0.72314
0.40015
0.65332
0.18579
0.57568
0.27612
0.61523
0.79614
0.89697
0.87085
0.5459
0.62524
0.68701
0.18433
0.44531
0.6731
0.9458
0.21655
0.31348
0.9397
0.67334
0.96753
0.15039
0.42505
0.86963
0.43726
0.95605
0.12915
0.53467
0.62573
0.73047
0.052
0.66846
0.53296
0.47363
0.1936
0.271
0.15894
0.18555
0.55396
0.34229
0.50366
0.86621
0.13306
0.88232
0.56714
0.51562
0.93091
0.89111
0.34937
0.13379
0.94751
0.36865
0.85034
0.7207
0.18286
0.31494
0.07007
0.27637
0.63696
0.72998
0.00854
0.80078
0.30981
0.61377
0.66577
0.29395
0.20142
0.96631
0.04175
0.75586
0.31177
0.7876
0.13647
0.18652
0.64087
0.07764
0.94995
0.58594
0.18872
0.83643
0.48218
0.9541
0.95532
0.06396
0.73315
0.29102
0.94067
0.76025
0.70288
0.59668
0.14478
0.92529
0.39136
0.87109
0.56763
0.55908
0.79858
0.11426
0.20923
0.66162
0.92456
0.32617
0.06958
0.23291
0.76929
0.50684
0.14868
0.27295
0.33276
0.65625
0.44653
0.78174
0.61499
0.77441
0.96313
0.75928
0.61597
0.86133
0.69849
0.20557
0.33569
0.91699
0.65259
0.12061
0.77417
0.94141
0.82544
0.50439
0.9314
0.93457
0.21704
0.35693
0.80737
0.89648
0.82739
0.67822
0.4021
0.82715
0.65649
0.46826
0.71558
0.72656
0.70435
0.72705
0.7478
0.59473
0.97095
0.45459
0.49878
0.43164
0.4563
0.65088
0.96851
0.2373
0.1604
0.31592
0.15698
0.01172
0.08325
0.44971
0.06421
0.75488
0.22485
0.05225
0.69019
0.4668
0.58521
0.12354
0.03491
0.14746
0.16431
0.66357
0.09839
0.79688
0.96216
0.67236
0.88062
0.41504
0.97876
0.1499
0.38159
0.00195
0.21411
0.09619
0.60132
0.55762
0.66821
0.51123
0.53979
0.08203
0.34106
0.39502
0.19702
0.5752
0.23267
0.74756
0.573
0.03711
0.34302
0.56885
0.66772
0.46777
0.67212
0.85889
0.4812
0.86719
0.21997
0.61768
0.01343
0.23535
0.98657
0.84521
0.2644
0.57227
0.97192
0.5415
0.23413
0.87793
0.17603
0.70654
0.92261
0.15234
0.59888
0.34033
0.32983
0.39551
0.24048
0.44287
0.45581
0.60742
0.10083
0.01416
0.30054
0.78809
0.17993
0.0542
0.86401
0.9375
0.47778
0.56299
0.14624
0.05566
0.99438
0.54053
0.14722
0.14258
0.72974
0.98682
0.86694
0.19824
0.68384
0.90186
0.30542
0.22266
0.85669
0.28564
0.46265
0.21582
0.24829
0.13818
0.33862
0.17773
0.85864
0.45947
0.93335
0.1084
0.68774
0.24951
0.24683
0.00781
0.7356
0.5083
0.27905
0.87598
0.0022
0.23584
0.03003
0.71289
0.48755
0.43213
0.49976
0.51855
0.19165
0.09717
0.68823
0.29297
0.1145
0.23096
0.59546
0.03613
0.2561
0.8335
0.22144
0.74805
0.61646
0.90479
0.56616
0.42871
0.19556
0.44482
0.62964
0.07812
0.99341
0.45361
0.41187
0.69629
0.01001
0.93115
0.91284
0.2832
0.24536
0.87744
0.13257
0.83887
0.69946
0.29248
0.07104
0.36328
0.37231
0.17627
0.72827
0.85645
0.26392
0.52881
0.10425
0.31836
0.37427
0.3501
0.19897
0.74902
0.70337
0.64014
0.01245
0.14844
0.25122
0.39893
0.54468
0.5166
0.01782
0.62646
0.79565
0.85352
0.00317
0.32275
0.76538
0.15918
0.20728
0.48779
0.45386
0.43359
0.63013
0.12158
0.86108
0.67676
0.27173
0.22412
0.98706
0.88867
0.13208
0.79541
0.83179
0.06934
0.21118
0.83545
0.39526
0.21875
0.50903
0.34424
0.67749
0.33691
0.02563
0.32178
0.67847
0.42383
0.76099
0.76807
0.39819
0.47949
0.71509
0.68311
0.83667
0.50391
0.88794
0.06689
0.9939
0.49707
0.27954
0.91943
0.86987
0.45898
0.88989
0.24072
0.4646
0.38965
0.71899
0.03076
0.77808
0.28906
0.76685
0.28955
0.8103
0.15723
0.03345
0.01709
0.56128
0.99414
0.5188
0.21338
0.03101
0.7998
0.2229
0.87842
0.21948
0.57422
0.14575
0.01221
0.12671
0.31738
0.28735
0.61475
0.75269
0.0293
0.64771
0.68604
0.09741
0.70996
0.22681
0.22607
0.16089
0.35938
0.02466
0.23486
0.94312
0.97754
0.04126
0.7124
0.44409
0.56445
0.27661
0.65869
0.66382
0.12012
0.73071
0.07373
0.60229
0.64453
0.40356
0.95752
0.25952
0.1377
0.29517
0.31006
0.6355
0.59961
0.40552
0.13135
0.73022
0.03027
0.73462
0.42139
0.5437
0.42969
0.28247
0.18018
0.07593
0.79785
0.04907
0.40771
0.3269
0.13477
0.03442
0.104
0.29663
0.44043
0.23853
0.26904
0.98511
0.71484
0.66138
0.90283
0.39233
0.95801
0.30298
0.00537
0.51831
0.16992
0.16333
0.57666
0.36304
0.35059
0.24243
0.6167
0.92651
0.5
0.54028
0.12549
0.20874
0.61816
0.05688
0.10303
0.20972
0.70508
0.79224
0.54932
0.92944
0.76074
0.74634
0.46436
0.36792
0.78516
0.91919
0.84814
0.52515
0.77832
0.31079
0.70068
0.40112
0.74023
0.92114
0.02197
0.99585
0.6709
0.75024
0.81201
0.30933
0.57031
0.7981
0.0708
0.34155
0.43848
0.0647
0.79834
0.09253
0.27539
0.55005
0.99463
0.56226
0.08105
0.25415
0.65967
0.75073
0.85547
0.177
0.79346
0.65796
0.59863
0.3186
0.396
0.28394
0.31055
0.67896
0.46729
0.62866
0.99121
0.25806
0.00732
0.69214
0.64062
0.05591
0.01611
0.47437
0.25879
0.07251
0.49365
0.97534
0.8457
0.30786
0.43994
0.19507
0.40137
0.76196
0.85498
0.13354
0.92578
0.43481
0.73877
0.79077
0.41895
0.32642
0.09131
0.16675
0.88086
0.43677
0.9126
0.26147
0.31152
0.76587
0.20264
0.07495
0.71094
0.31372
0.96143
0.60718
0.0791
0.08032
0.18896
0.85815
0.41602
0.06567
0.88525
0.82788
0.72168
0.26978
0.05029
0.51636
0.99609
0.69263
0.68408
0.92358
0.23926
0.33423
0.78662
0.04956
0.45117
0.19458
0.35791
0.89429
0.63184
0.27368
0.39795
0.45776
0.78125
0.57153
0.90674
0.73999
0.89941
0.08813
0.88428
0.74097
0.98633
0.82349
0.33057
0.46069
0.04199
0.77759
0.24561
0.89917
0.06641
0.95044
0.62939
0.0564
0.05957
0.34204
0.48193
0.93237
0.02148
0.95239
0.80322
0.5271
0.95215
0.78149
0.59326
0.84058
0.85156
0.82935
0.85205
0.8728
0.71973
0.09595
0.57959
0.62378
0.55664
0.5813
0.77588
0.09351
0.3623
0.2854
0.44092
0.28198
0.13672
0.20825
0.57471
0.18921
0.87988
0.34985
0.17725
0.81519
0.5918
0.71021
0.24854
0.15991
0.27246
0.28931
0.78857
0.22339
0.92188
0.08716
0.79736
0.00562
0.54004
0.10376
0.2749
0.50659
0.12695
0.33911
0.22119
0.72632
0.68262
0.79321
0.63623
0.66479
0.20703
0.46606
0.52002
0.32202
0.7002
0.35767
0.87256
0.698
0.16211
0.46802
0.69385
0.79272
0.59277
0.79712
0.98389
0.6062
0.99219
0.34497
0.74268
0.13843
0.36035
0.11157
0.97021
0.3894
0.69727
0.09692
0.6665
0.35913
0.00293
0.30103
0.83154
0.04761
0.27734
0.72388
0.46533
0.45483
0.52051
0.36548
0.56787
0.58081
0.73242
0.22583
0.13916
0.42554
0.91309
0.30493
0.1792
0.98901
0.0625
0.60278
0.68799
0.27124
0.18066
0.11938
0.66553
0.27222
0.26758
0.85474
0.11182
0.99194
0.32324
0.80884
0.02686
0.43042
0.34766
0.98169
0.41064
0.58765
0.34082
0.37329
0.26318
0.46362
0.30273
0.98364
0.58447
0.05835
0.2334
0.81274
0.37451
0.37183
0.13281
0.8606
0.6333
0.40405
0.00098
0.1272
0.36084
0.15503
0.83789
0.61255
0.55713
0.62476
0.64355
0.31665
0.22217
0.81323
0.41797
0.2395
0.35596
0.72046
0.16113
0.3811
0.9585
0.34644
0.87305
0.74146
0.02979
0.69116
0.55371
0.32056
0.56982
0.75464
0.20312
0.11841
0.57861
0.53687
0.82129
0.13501
0.05615
0.03784
0.4082
0.37036
0.00244
0.25757
0.96387
0.82446
0.41748
0.19604
0.48828
0.49731
0.30127
0.85327
0.98145
0.38892
0.65381
0.22925
0.44336
0.49927
0.4751
0.32397
0.87402
0.82837
0.76514
0.13745
0.27344
0.37622
0.52393
0.66968
0.6416
0.14282
0.75146
0.92065
0.97852
0.12817
0.44775
0.89038
0.28418
0.33228
0.61279
0.57886
0.55859
0.75513
0.24658
0.98608
0.80176
0.39673
0.34912
0.11206
0.01367
0.25708
0.92041
0.95679
0.19434
0.33618
0.96045
0.52026
0.34375
0.63403
0.46924
0.80249
0.46191
0.15063
0.44678
0.80347
0.54883
0.88599
0.89307
0.52319
0.60449
0.84009
0.80811
0.96167
0.62891
0.01294
0.19189
0.1189
0.62207
0.40454
0.04443
0.99487
0.58398
0.01489
0.36572
0.5896
0.51465
0.84399
0.15576
0.90308
0.41406
0.89185
0.41455
0.9353
0.28223
0.15845
0.14209
0.68628
0.11914
0.6438
0.33838
0.15601
0.9248
0.3479
0.00342
0.34448
0.69922
0.27075
0.13721
0.25171
0.44238
0.41235
0.73975
0.87769
0.1543
0.77271
0.81104
0.22241
0.83496
0.35181
0.35107
0.28589
0.48438
0.14966
0.35986
0.06812
0.10254
0.16626
0.8374
0.56909
0.68945
0.40161
0.78369
0.78882
0.24512
0.85571
0.19873
0.72729
0.76953
0.52856
0.08252
0.38452
0.2627
0.42017
0.43506
0.7605
0.72461
0.53052
0.25635
0.85522
0.15527
0.85962
0.54639
0.6687
0.55469
0.40747
0.30518
0.20093
0.92285
0.17407
0.53271
0.4519
0.25977
0.15942
0.229
0.42163
0.56543
0.36353
0.39404
0.11011
0.83984
0.78638
0.02783
0.51733
0.08301
0.42798
0.13037
0.64331
0.29492
0.28833
0.70166
0.48804
0.47559
0.36743
0.7417
0.05151
0.625
0.66528
0.25049
0.33374
0.74316
0.18188
0.22803
0.33472
0.83008
0.91724
0.67432
0.05444
0.88574
0.87134
0.58936
0.49292
0.91016
0.04419
0.97314
0.65015
0.90332
0.43579
0.82568
0.52612
0.86523
0.04614
0.14697
0.12085
0.7959
0.87524
0.93701
0.43433
0.69531
0.9231
0.1958
0.46655
0.56348
0.1897
0.92334
0.21753
0.40039
0.67505
0.11963
0.68726
0.20605
0.37915
0.78467
0.87573
0.98047
0.302
0.91846
0.78296
0.72363
0.4436
0.521
0.40894
0.43555
0.80396
0.59229
0.75366
0.11621
0.38306
0.13232
0.81714
0.76562
0.18091
0.14111
0.59937
0.38379
0.19751
0.61865
0.10034
0.9707
0.43286
0.56494
0.32007
0.52637
0.88696
0.97998
0.25854
0.05078
0.55981
0.86377
0.91577
0.54395
0.45142
0.21631
0.29175
0.00586
0.56177
0.0376
0.38647
0.43652
0.89087
0.32764
0.19995
0.83594
0.43872
0.08643
0.73218
0.2041
0.20532
0.31396
0.98315
0.54102
0.19067
0.01025
0.95288
0.84668
0.39478
0.17529
0.64136
0.12109
0.81763
0.80908
0.04858
0.36426
0.45923
0.91162
0.17456
0.57617
0.31958
0.48291
0.01929
0.75684
0.39868
0.52295
0.58276
0.90625
0.69653
0.03174
0.86499
0.02441
0.21313
0.00928
0.86597
0.11133
0.94849
0.45557
0.58569
0.16699
0.90259
0.37061
0.02417
0.19141
0.07544
0.75439
0.1814
0.18457
0.46704
0.60693
0.05737
0.14648
0.07739
0.92822
0.6521
0.07715
0.90649
0.71826
0.96558
0.97656
0.95435
0.97705
0.9978
0.84473
0.22095
0.70459
0.74878
0.68164
0.7063
0.90088
0.21851
0.4873
0.4104
0.56592
0.40698
0.26172
0.33325
0.69971
0.31421
0.00488
0.47485
0.30225
0.94019
0.7168
0.83521
0.37354
0.28491
0.39746
0.41431
0.91357
0.34839
0.04688
0.21216
0.92236
0.13062
0.66504
0.22876
0.3999
0.63159
0.25195
0.46411
0.34619
0.85132
0.80762
0.91821
0.76123
0.78979
0.33203
0.59106
0.64502
0.44702
0.8252
0.48267
0.99756
0.823
0.28711
0.59302
0.81885
0.91772
0.71777
0.92212
0.10889
0.7312
0.11719
0.46997
0.86768
0.26343
0.48535
0.23657
0.09521
0.5144
0.82227
0.22192
0.7915
0.48413
0.12793
0.42603
0.95654
0.17261
0.40234
0.84888
0.59033
0.57983
0.64551
0.49048
0.69287
0.70581
0.85742
0.35083
0.26416
0.55054
0.03809
0.42993
0.3042
0.11401
0.1875
0.72778
0.81299
0.39624
0.30566
0.24438
0.79053
0.39722
0.39258
0.97974
0.23682
0.11694
0.44824
0.93384
0.15186
0.55542
0.47266
0.10669
0.53564
0.71265
0.46582
0.49829
0.38818
0.58862
0.42773
0.10864
0.70947
0.18335
0.3584
0.93774
0.49951
0.49683
0.25781
0.9856
0.7583
0.52905
0.12598
0.2522
0.48584
0.28003
0.96289
0.73755
0.68213
0.74976
0.76855
0.44165
0.34717
0.93823
0.54297
0.3645
0.48096
0.84546
0.28613
0.5061
0.0835
0.47144
0.99805
0.86646
0.15479
0.81616
0.67871
0.44556
0.69482
0.87964
0.32812
0.24341
0.70361
0.66187
0.94629
0.26001
0.18115
0.16284
0.5332
0.49536
0.12744
0.38257
0.08887
0.94946
0.54248
0.32104
0.61328
0.62231
0.42627
0.97827
0.10645
0.51392
0.77881
0.35425
0.56836
0.62427
0.6001
0.44897
0.99902
0.95337
0.89014
0.26245
0.39844
0.50122
0.64893
0.79468
0.7666
0.26782
0.87646
0.04565
0.10352
0.25317
0.57275
0.01538
0.40918
0.45728
0.73779
0.70386
0.68359
0.88013
0.37158
0.11108
0.92676
0.52173
0.47412
0.23706
0.13867
0.38208
0.04541
0.08179
0.31934
0.46118
0.08545
0.64526
0.46875
0.75903
0.59424
0.92749
0.58691
0.27563
0.57178
0.92847
0.67383
0.01099
0.01807
0.64819
0.72949
0.96509
0.93311
0.08667
0.75391
0.13794
0.31689
0.2439
0.74707
0.52954
0.16943
0.11987
0.70898
0.13989
0.49072
0.7146
0.63965
0.96899
0.28076
0.02808
0.53906
0.01685
0.53955
0.0603
0.40723
0.28345
0.26709
0.81128
0.24414
0.7688
0.46338
0.28101
0.0498
0.4729
0.12842
0.46948
0.82422
0.39575
0.26221
0.37671
0.56738
0.53735
0.86475
0.00269
0.2793
0.89771
0.93604
0.34741
0.95996
0.47681
0.47607
0.41089
0.60938
0.27466
0.48486
0.19312
0.22754
0.29126
0.9624
0.69409
0.81445
0.52661
0.90869
0.91382
0.37012
0.98071
0.32373
0.85229
0.89453
0.65356
0.20752
0.50952
0.3877
0.54517
0.56006
0.8855
0.84961
0.65552
0.38135
0.98022
0.28027
0.98462
0.67139
0.7937
0.67969
0.53247
0.43018
0.32593
0.04785
0.29907
0.65771
0.5769
0.38477
0.28442
0.354
0.54663
0.69043
0.48853
0.51904
0.23511
0.96484
0.91138
0.15283
0.64233
0.20801
0.55298
0.25537
0.76831
0.41992
0.41333
0.82666
0.61304
0.60059
0.49243
0.8667
0.17651
0.75
0.79028
0.37549
0.45874
0.86816
0.30688
0.35303
0.45972
0.95508
0.04224
0.79932
0.17944
0.01074
0.99634
0.71436
0.61792
0.03516
0.16919
0.09814
0.77515
0.02832
0.56079
0.95068
0.65112
0.99023
0.17114
0.27197
0.24585
0.9209
0.00024
0.06201
0.55933
0.82031
0.0481
0.3208
0.59155
0.68848
0.3147
0.04834
0.34253
0.52539
0.80005
0.24463
0.81226
0.33105
0.50415
0.90967
0.00073
0.10547
0.427
0.04346
0.90796
0.84863
0.5686
0.646
0.53394
0.56055
0.92896
0.71729
0.87866
0.24121
0.50806
0.25732
0.94214
0.89062
0.30591
0.26611
0.72437
0.50879
0.32251
0.74365
0.22534
0.0957
0.55786
0.68994
0.44507
0.65137
0.01196

0.34185
0.60766
0.52474
0.54954
0.90662
0.52245
0.54776
0.38016
0.20728
0.66752
0.83031
0.06426
0.29652
0.25285
0.31216
0.44022
0.90831
0.27092
0.99987
0.43356
0.78332
0.86196
0.77472
0.96176
0.83606
0.89535
0.48202
0.45845
0.74138
0.4079
0.84564
0.0224
0.01849
0.41772
0.87968
0.41934
0.4752
0.15667
0.46316
0.18334
0.14428
0.17596
0.60623
0.15152
0.59486
0.60918
0.00467
0.2184
0.0025
0.06272
0.33194
0.82849
0.97685
0.36841
0.24005
0.24031
0.50367
0.81515
0.64045
0.72398
0.50443
0.50745
0.02813
0.91309
0.38407
0.06892
0.50063
0.29275
0.05431
0.50091
0.10638
0.16181
0.82528
0.85081
0.81451
0.2193
0.92407
0.99192
0.07727
0.69917
0.43052
0.45146
0.12511
0.52277
0.87365
0.57823
0.4481
0.91827
0.11804
0.33368
0.45112
0.08903
0.25497
0.09283
0.16943
0.06183
0.22519
0.08622
0.33894
0.77429
0.26088
0.58927
0.44625
0.38331
0.23873
0.91736
0.48874
0.68987
0.1972
0.88112
0.74851
0.67939
0.66275
0.31585
0.58159
0.44346
0.55397
0.81387
0.85272
0.34076
0.16989
0.63064
0.06923
0.92952
0.09847
0.96642
0.71869
0.10314
0.37919
0.88249
0.86782
0.1452
0.84048
0.01588
0.52025
0.58314
0.57648
0.27276
0.00685
0.46952
0.49932
0.19254
0.71833
0.92056
0.21711
0.34785
0.00339
0.11497
0.1806
0.1459
0.8723
0.10675
0.94553
0.20684
0.81466
0.70427
0.93472
0.04563
0.82077
0.60471
0.73712
0.52175
0.19723
0.00896
0.80234
0.51385
0.4357
0.30935
0.95591
0.66911
0.0205
0.20123
0.94797
0.42514
0.42072
0.09223
0.05825
0.93135
0.07793
0.73423
0.95455
0.66714
0.80089
0.30142
0.54354
0.35623
0.99043
0.6038
0.73691
0.40593
0.76802
0.60788
0.15335
0.15085
0.54685
0.41237
0.46889
0.58554
0.59328
0.85501
0.45896
0.47485
0.83966
0.29688
0.38251
0.13678
0.09436
0.03606
0.00167
0.02792
0.79735
0.71089
0.64464
0.62522
0.9631
0.5377
0.25398
0.06054
0.6478
0.50424
0.58522
0.84543
0.6017
0.44551
0.76425
0.73141
0.56785
0.51056
0.69706
0.95711
0.53197
0.91017
0.08719
0.02039
0.1557
0.4324
0.73902
0.5668
0.56595
0.95962
0.61582
0.28989
0.34368
0.18754
0.70198
0.70768
0.09284
0.19208
0.94876
0.4975
0.07235
0.34595
0.80365
0.47729
0.06775
0.90126
0.72922
0.65673
0.97879
0.23071
0.2853
0.95502
0.68606
0.75868
0.87877
0.36941
0.66556
0.65188
0.53649
0.22121
0.33727
0.50709
0.39092
0.15726
0.29475
0.7577
0.15791
0.35833
0.03177
0.09156
0.83721
0.15661
0.27672
0.76659
0.63463
0.56684
0.05964
0.57453
0.87685
0.74358
0.0854
0.92332
0.1323
0.03044
0.26546
0.69617
0.5058
0.37605
0.17265
0.08886
0.95666
0.97762
0.50054
0.40792
0.99869
0.73267
0.0826
0.22073
0.20784
0.96489
0.08023
0.36436
0.56096
0.79712
0.96373
0.67321
0.14572
0.34257
0.55555
0.3168
0.64344
0.0941
0.54722
0.4476
0.42743
0.98003
0.68425
0.95572
0.97526
0.37861
0.42905
0.8011
0.56676
0.14427
0.1248
0.74214
0.69316
0.66585
0.57008
0.93521
0.16397
0.87466
0.32162
0.41386
0.82508
0.61511
0.64544
0.93671
0.3308
0.30803
0.85204
0.70526
0.8721
0.64794
0.23457
0.25252
0.68108
0.69299
0.34322
0.02522
0.36033
0.3964
0.3514
0.83415
0.02886
0.32844
0.74075
0.12133
0.20704
0.67222
0.8075
0.5906
0.09577
0.71198
0.10138
0.7759
0.22734
0.84535
0.16775
0.38932
0.69097
0.37979
0.42791
0.08774
0.98104
0.40345
0.71217
0.8091
0.43975
0.80977
0.30384
0.20386
0.60298
0.85978
0.18622
0.77803
0.26604
0.77436
0.31907
0.07847
0.5809
0.47157
0.76756
0.46481
0.46059
0.38883
0.8922
0.19823
0.94705
0.98475
0.28446
0.18908
0.52067
0.97363
0.64081
0.3966
0.95439
0.55901
0.92169
0.10963
0.18654
0.95608
0.96845
0.86028
0.80422
0.76097
0.81657
0.86042
0.27653
0.6821
0.66031
0.02957
0.74472
0.05451
0.7092
0.70129
0.10778
0.16166
0.34803
0.22828
0.09617
0.48967
0.76993
0.90788
0.50252
0.31325
0.27893
0.02464
0.06987
0.81392
0.67378
0.78976
0.26023
0.17784
0.28705
0.99459
0.14341
0.65037
0.81735
0.64946
0.95499
0.04487
0.13061
0.59361
0.76631
0.34296
0.20951
0.94989
0.91335
0.09355
0.51704
0.25543
0.43504
0.60254
0.54946
0.02797
0.82346
0.78351
0.89848
0.57973
0.81389
0.11658
0.91137
0.87166
0.86379
0.31609
0.14646
0.49266
0.15886
0.35407
0.63122
0.36517
0.49173
0.95639
0.86021
0.62827
0.21773
0.06401
0.97024
0.669
0.54404
0.76083
0.66504
0.76938
0.45954
0.74273
0.44139
0.27392
0.32292
0.79929
0.66918
0.0131
0.71685
0.80575
0.31274
0.04656
0.68149
0.32545
0.20892
0.47291
0.40331
0.56915
0.35786
0.65519
0.71381
0.22746
0.37988
0.08138
0.23053
0.42744
0.03535
0.4927
0.50639
0.33678
0.20896
0.65853
0.61669
0.02918
0.51261
0.64563
0.33758
0.62127
0.71443
0.06738
0.40721
0.17573
0.82527
0.6435
0.97115
0.29875
0.52775
0.24591
0.69825
0.49865
0.47035
0.33666
0.40656
0.89838
0.92284
0.37412
0.68274
0.27517
0.19492
0.93799
0.17792
0.57217
0.74641
0.28515
0.11002
0.03415
0.65977
0.91597
0.01151
0.32438
0.20737
0.00475
0.22608
0.10141
0.83467
0.71655
0.45794
0.10811
0.88317
0.88896
0.43339
0.25739
0.51074
0.56195
0.92624
0.21445
0.90154
0.6615
0.76627
0.7382
0.40923
0.69987
0.15315
0.56163
0.28605
0.25232
0.64429
0.04875
0.76586
0.40008
0.63054
0.83352
0.63642
0.33293
0.42538
0.48544
0.54489
0.02584
0.6761
0.11142
0.15285
0.64624
0.19817
0.72918
0.09627
0.6733
0.26319
0.6695
0.24238
0.47628
0.43743
0.48242
0.28043
0.42774
0.61961
0.16602
0.61538
0.93012
0.24851
0.59263
0.08764
0.81139
0.60953
0.32794
0.46729
0.62823
0.68096
0.00298
0.08859
0.48744
0.02189
0.79314
0.70377
0.99237
0.89266
0.37269
0.01421
0.02038
0.15261
0.90584
0.51776
0.77157
0.24524
0.4253
0.80728
0.00191
0.03653
0.34211
0.37678
0.66175
0.14651
0.64304
0.00172
0.02942
0.65544
0.02236
0.99939
0.75235
0.34164
0.17063
0.14024
0.66096
0.73793
0.35593
0.87546
0.28671
0.01426
0.0325
0.55927
0.82642
0.71322
0.84822
0.85227
0.55835
0.52132
0.7205
0.27397
0.61665
0.57272
0.06274
0.36387
0.98844
0.21067
0.80509
0.70681
0.80178
0.54263
0.50291
0.1363
0.78039
0.07444
0.41233
0.17719
0.97916
0.47197
0.54841
0.51269
0.47499
0.11225
0.00534
0.28511
0.85927
0.50449
0.14428
0.17016
0.53122
0.96696
0.19667
0.80603
0.88762
0.66264
0.95043
0.18078
0.82508
0.49597
0.88235
0.36281
0.33629
0.87769
0.46178
0.44075
0.5842
0.95015
0.7858
0.89404
0.02658
0.06512
0.40375
0.12133
0.1995
0.99233
0.10017
0.34087
0.92343
0.27859
0.12867
0.56677
0.23608
0.34111
0.56557
0.74051
0.59192
0.71098
0.87967
0.27736
0.29463
0.05075
0.75584
0.91309
0.33257
0.01415
0.00155
0.02398
0.75237
0.54192
0.73796
0.91529
0.6426
0.30982
0.85458
0.09557
0.3407
0.78268
0.95183
0.81815
0.64808
0.09514
0.51595
0.02989
0.93291
0.27561
0.61782
0.96795
0.31074
0.61237
0.9589
0.91895
0.67651
0.59813
0.63098
0.31356
0.20946
0.73399
0.47735
0.64846
0.00112
0.01259
0.58569
0.36208
0.03744
0.01789
0.19978
0.12204
0.94318
0.90531
0.82683
0.56117
0.14294
0.3233
0.20291
0.71186
0.40645
0.99302
0.8874
0.83374
0.30492
0.73621
0.00688
0.47328
0.92018
0.30423
0.53709
0.60738
0.06018
0.22103
0.54358
0.8088
0.53509
0.23844
0.55694
0.79268
0.33941
0.99067
0.19936
0.44019
0.6596
0.66237
0.31526
0.91339
0.85914
0.19117
0.45307
0.76539
0.18729
0.78713
0.70473
0.39313
0.50812
0.82195
0.96049
0.38389
0.72676
0.81464
0.36847
0.69817
0.36406
0.38722
0.43069
0.936
0.04574
0.91946
0.13091
0.37567
0.26927
0.06758
0.67525
0.68194
0.43555
0.01694
0.87114
0.79812
0.97929
0.04243
0.00038
0.00141
0.01999
0.99487
0.65601
0.4378
0.70547
0.93889
0.18075
0.70548
0.02595
0.7329
0.48273
0.30338
0.41233
0.12343
0.34197
0.44678
0.10563
0.58567
0.12957
0.87442
0.04093
0.75308
0.33794
0.03613
0.05066
0.66638
0.65556
0.63371
0.93675
0.932
0.17662
0.96076
0.64255
0.67251
0.7243
0.17646
0.38513
0.23222
0.26435
0.80552
0.69076
0.44957
0.10901
0.83376
0.6104
0.92103
0.99835
0.92739
0.52676
0.73938
0.81128
0.78321
0.22086
0.81119
0.2151
0.67223
0.89637
0.78765
0.85733
0.143
0.49672
0.31802
0.33623
0.49994
0.42373
0.49833
0.3534
0.94076
0.33517
0.3858
0.44132
0.65796
0.13283
0.43397
0.31081
0.00022
0.00046
0.00215
0.04622
0.36313
0.65997
0.59385
0.5243
0.94286
0.83942
0.33558
0.16312
0.09172
0.12289
0.01325
0.7566
0.40049
0.95292
0.5363
0.12595
0.63836
0.00553
0.30597
0.19972
0.89696
0.39897
0.73893
0.18919
0.94029
0.4692
0.50564
0.69018
0.54975

0.49328
0.32417
0.08684
0.54066
0.31756
0.84435
0.93199
0.60163
0.96106
0.64209
0.27828
0.44143
0.85868
0.32963
0.65264
0.93897
0.66278
0.27998
0.38824
0.7303
0.33371
0.36103
0.34194
0.9216
0.33734
0.80097
0.55935
0.87018
0.22193
0.2547
0.87209
0.54097
0.64638
0.80323
0.17201
0.58641
0.87434
0.47393
0.61154
0.98117
0.69653
0.15543
0.15942
0.41378
0.21306
0.39456
0.67996
0.3456
0.44005
0.64488
0.87279
0.76762
0.24046
0.82293
0.22201
0.29022
0.22533
0.77181
0.6845
0.54162
0.35114
0.3
0.00068
0.00036
0.00013
2e-05
0.07665
0.96096
0.3328
0.07556
0.57526
0.85514
0.26955
0.6572
0.91447
0.25172
0.36447
0.83692
0.44011
0.69417
0.87338
0.78738
0.97356
0.82491
0.48311
0.39237
0.95657
0.02808
0.78837
0.53356
0.68947
0.3744
0.17236
0.70935
0.17458
0.47992
0.32513
0.70691
0.72882
0.17422
0.35226
0.0864
0.46548
0.66977
0.58917
0.12482
0.58078
0.30657
0.98455
0.34067
0.05673
0.21829
0.6514
0.31805
0.15644
0.47285
0.58429
0.38896
0.29066
0.48265
0.95488
0.80154
0.47118
0.01059
0.11219
0.5866
0.09487
0.99975
0.49406
0.09924
0.84778
0.73601
0.71808
0.63889
0.17532
0.7371
0.31936
0.98953
0.17358
0.12967
0.81405
0.67577
0.6705
0.56891
0.65745
0.2405
0.84121
0.63763
0.56947
0.29152
0.98682
0.82358
0.28402
0.66509
0.34205
0.99615
0.31482
0.11289
0.74438
0.09712
0.4319
0.54193
0.68704
0.02533
0.64186
0.98683
0.82753
0.80093
0.49687
0.88377
0.05118
0.61939
0.64645
0.89631
0.36982
0.76905
0.43944
0.10751
0.55905
0.53131
0.29244
0.52174
0.21054
0.32709
0.98852
0.17574
0.88595
0.91272
0.05415
0.9319
0.43202
0.63955
0.02676
0.7161
0.79491
0.88668
0.1961
0.45599
0.93053
0.88236
0.55564
0.73581
0.41488
0.12873
0.57219
0.39567
0.55791
0.26803
0.84062
0.63526
0.554
0.91268
0.97748
0.46715
0.22912
0.49689
0.89967
0.40971
0.85982
0.29903
0.41894
0.51072
0.83798
0.21383
0.72412
0.35557
0.42789
0.09071
0.22776
0.87416
0.1592
0.34528
0.21552
0.44715
0.93954
0.74481
0.73747
0.85758
0.4366
0.61519
0.46366
0.97781
0.11826
0.98593
0.99881
0.62142
0.15785
0.91504
0.30552
0.34308
0.70457
0.4217
0.83342
0.5889
0.7985
0.59906
0.86809
0.58198
0.70538
0.5553
0.35928
0.02464
0.60713
0.60562
0.77801
0.29334
0.04601
0.11674
0.62729
0.49651
0.5192
0.56968
0.53302
0.11352
0.88634
0.5915
0.87698
0.09743
0.49222
0.27561
0.95867
0.04242
0.79912
0.58798
0.7193
0.39824
0.59828
0.94255
0.39673
0.39628
0.03705
0.37233
0.63112
0.30993
0.05599
0.13432
0.04186
0.75243
0.14639
0.43003
0.92752
0.2952
0.14599
0.31366
0.3851
0.30509
0.07991
0.38529
0.44684
0.66777
0.91944
0.37543
0.94768
0.10496
0.01723
0.29691
0.15377
0.64398
0.71282
0.10665
0.37401
0.88273
0.21578
0.5623
0.18466
0.10042
0.08478
0.18731
0.08466
0.16748
0.05089
0.58979
0.8546
0.34629
0.91469
0.65048
0.12163
0.79337
0.43596
0.05763
0.32156
0.40212
0.69969
0.5661
0.46468
0.92843
0.98412
0.49414
0.17632
0.08733
0.6267
0.75665
0.51922
0.59149
0.8545
0.1788
0.96765
0.35039
0.77525
0.01876
0.35209
0.96525
0.71722
0.39736
0.89179
0.2894
0.75467
0.53436
0.53527
0.50969
0.7839
0.49294
0.98787
0.88911
0.52015
0.55394
0.85063
0.5731
0.44132
0.76069
0.65536
0.49804
0.04384
0.92203
0.14485
0.98239
0.09208
0.47799
0.47348
0.1871
0.00566
0.03205
0.02695
0.72609
0.20088
0.35237
0.16603
0.56463
0.80929
0.9584
0.52481
0.42449
0.18836
0.481
0.35715
0.55755
0.86312
0.97096
0.75361
0.93105
0.84665
0.823
0.32077
0.89339
0.14927
0.28004
0.4224
0.4226
0.59414
0.00234
0.00547
0.02992
0.89521
0.39378
0.06426
0.12973
0.83065
0.98108
0.52385
0.42092
0.17112
0.28205
0.55446
0.42367
0.49881
0.81142
0.39593
0.7566
0.45113
0.51467
0.88212
0.13569
0.41286
0.45421
0.30218
0.31396
0.57151
0.62254
0.55232
0.05296
0.80508
0.1522
0.16362
0.77216
0.22798
0.97306
0.83798
0.2088
0.59911
0.93279
0.10092
0.18384
0.79604
0.68287
0.30461
0.78603
0.84788
0.89541
0.7537
0.05615
0.15316
0.45768
0.47007
0.96298
0.33818
0.36842
0.73108
0.48528
0.49377
0.80486
0.80284
0.55046
0.00511
0.02611
0.68184
0.90033
0.59411
0.96432
0.90342
0.16589
0.51916
0.52711
0.83968
0.06418
0.11922
0.20864
0.53065
0.58836
0.16867
