
0.1767
0.0797
0.2527
0.9957
0.6087
0.3917
0.6447
0.6677
0.7607
0.2237
0.3567
0.4597
0.8327
0.7757
0.5887
0.5717
0.0247
0.2477
0.5407
0.2037
0.5367
0.8397
0.4127
0.5557
0.5687
0.7517
0.4047
0.8277
0.3207
0.1837
0.7167
0.2197
0.9927
0.3357
0.5487
0.9317
0.7847
0.4077
0.1007
0.1637
0.8967
0.5997
0.5727
0.1157
0.5287
0.1117
0.1647
0.9877
0.8807
0.1437
0.0767
0.9797
0.1527
0.8957
0.5087
0.2917
0.5447
0.5677
0.6607
0.1237
0.2567
0.3597
0.7327
0.6757
0.4887
0.4717
0.9247
0.1477
0.4407
0.1037
0.4367
0.7397
0.3127
0.4557
0.4687
0.6517
0.3047
0.7277
0.2207
0.0837
0.6167
0.1197
0.8927
0.2357
0.4487
0.8317
0.6847
0.3077
0.0007
0.0637
0.7967
0.4997
0.4727
0.0157
0.4287
0.0117
0.0647
0.8877
0.7807
0.0437
0.9767
0.8797
0.0527
0.7957
0.4087
0.1917
0.4447
0.4677
0.5607
0.0237
0.1567
0.2597
0.6327
0.5757
0.3887
0.3717
0.8247
0.0477
0.3407
0.0037
0.3367
0.6397
0.2127
0.3557
0.3687
0.5517
0.2047
0.6277
0.1207
0.9837
0.5167
0.0197
0.7927
0.1357
0.3487
0.7317
0.5847
0.2077
0.9007
0.9637
0.6967
0.3997
0.3727
0.9157
0.3287
0.9117
0.9647
0.7877
0.6807
0.9437
0.8767
0.7797
0.9527
0.6957
0.3087
0.0917
0.3447
0.3677
0.4607
0.9237
0.0567
0.1597
0.5327
0.4757
0.2887
0.2717
0.7247
0.9477
0.2407
0.9037
0.2367
0.5397
0.1127
0.2557
0.2687
0.4517
0.1047
0.5277
0.0207
0.8837
0.4167
0.9197
0.6927
0.0357
0.2487
0.6317
0.4847
0.1077
0.8007
0.8637
0.5967
0.2997
0.2727
0.8157
0.2287
0.8117
0.8647
0.6877
0.5807
0.8437
0.7767
0.6797
0.8527
0.5957
0.2087
0.9917
0.2447
0.2677
0.3607
0.8237
0.9567
0.0597
0.4327
0.3757
0.1887
0.1717
0.6247
0.8477
0.1407
0.8037
0.1367
0.4397
0.0127
0.1557
0.1687
0.3517
0.0047
0.4277
0.9207
0.7837
0.3167
0.8197
0.5927
0.9357
0.1487
0.5317
0.3847
0.0077
0.7007
0.7637
0.4967
0.1997
0.1727
0.7157
0.1287
0.7117
0.7647
0.5877
0.4807
0.7437
0.6767
0.5797
0.7527
0.4957
0.1087
0.8917
0.1447
0.1677
0.2607
0.7237
0.8567
0.9597
0.3327
0.2757
0.0887
0.0717
0.5247
0.7477
0.0407
0.7037
0.0367
0.3397
0.9127
0.0557
0.0687
0.2517
0.9047
0.3277
0.8207
0.6837
0.2167
0.7197
0.4927
0.8357
0.0487
0.4317
0.2847
0.9077
0.6007
0.6637
0.3967
0.0997
0.0727
0.6157
0.0287
0.6117
0.6647
0.4877
0.3807
0.6437
0.5767
0.4797
0.6527
0.3957
0.0087
0.7917
0.0447
0.0677
0.1607
0.6237
0.7567
0.8597
0.2327
0.1757
0.9887
0.9717
0.4247
0.6477
0.9407
0.6037
0.9367
0.2397
0.8127
0.9557
0.9687
0.1517
0.8047
0.2277
0.7207
0.5837
0.1167
0.6197
0.3927
0.7357
0.9487
0.3317
0.1847
0.8077
0.5007
0.5637
0.2967
0.9997
0.9727
0.5157
0.9287
0.5117
0.5647
0.3877
0.2807
0.5437
0.4767
0.3797
0.5527
0.2957
0.9087
0.6917
0.9447
0.9677
0.0607
0.5237
0.6567
0.7597
0.1327
0.0757
0.8887
0.8717
0.3247
0.5477
0.8407
0.5037
0.8367
0.1397
0.7127
0.8557
0.8687
0.0517
0.7047
0.1277
0.6207
0.4837
0.0167
0.5197
0.2927
0.6357
0.8487
0.2317
0.0847
0.7077
0.4007
0.4637
0.1967
0.8997
0.8727
0.4157
0.8287
0.4117
0.4647
0.2877
0.1807
0.4437
0.3767
0.2797
0.4527
0.1957
0.8087
0.5917
0.8447
0.8677
0.9607
0.4237
0.5567
0.6597
0.0327
0.9757
0.7887
0.7717
0.2247
0.4477
0.7407
0.4037
0.7367
0.0397
0.6127
0.7557
0.7687
0.9517
0.6047
0.0277
0.5207
0.3837
0.9167
0.4197
0.1927
0.5357
0.7487
0.1317
0.9847
0.6077
0.3007
0.3637
0.0967
0.7997
0.7727
0.3157
0.7287
0.3117
0.3647
0.1877
0.0807
0.3437
0.2767
0.1797
0.3527
0.0957
0.7087
0.4917
0.7447
0.7677
0.8607
0.3237
0.4567
0.5597
0.9327
0.8757
0.6887
0.6717
0.1247
0.3477
0.6407
0.3037
0.6367
0.9397
0.5127
0.6557
0.6687
0.8517
0.5047
0.9277
0.4207
0.2837
0.8167
0.3197
0.0927
0.4357
0.6487
0.0317
0.8847
0.5077
0.2007
0.2637
0.9967
0.6997
0.6727
0.2157
0.6287
0.2117
0.2647
0.0877
0.9807
0.2437
